
     Solving sample problem.
      (f = 0.0 at the optimal solution.)

RUNNING THE L-BFGS-B CODE

           * * *

Machine precision = 2.220D-16
 N =           25     M =            5
    1FG_START      0.000000000000000E+00  0.300000000000000E+01  0.300000000000000E+01  0.300000000000000E+01  0.300000000000000E+01  0.300000000000000E+01  0.300000000000000E+01  0.300000000000000E+01  0.300000000000000E+01  0.300000000000000E+01  0.300000000000000E+01  0.300000000000000E+01  0.300000000000000E+01  0.300000000000000E+01  0.300000000000000E+01  0.300000000000000E+01  0.300000000000000E+01  0.300000000000000E+01  0.300000000000000E+01  0.300000000000000E+01  0.300000000000000E+01  0.300000000000000E+01  0.300000000000000E+01  0.300000000000000E+01  0.300000000000000E+01  0.300000000000000E+01
    2FG_LNSRCH     0.346000000000000E+04  0.100000000000000E+01 -0.100000000000000E+03  0.100000000000000E+01 -0.100000000000000E+03  0.100000000000000E+01 -0.100000000000000E+03  0.100000000000000E+01 -0.100000000000000E+03  0.100000000000000E+01 -0.100000000000000E+03  0.100000000000000E+01 -0.100000000000000E+03  0.100000000000000E+01 -0.100000000000000E+03  0.100000000000000E+01 -0.100000000000000E+03  0.100000000000000E+01 -0.100000000000000E+03  0.100000000000000E+01 -0.100000000000000E+03  0.100000000000000E+01 -0.100000000000000E+03  0.100000000000000E+01 -0.100000000000000E+03  0.510000000000014E+02
    3FG_LNSRCH     0.479554009600000E+10  0.264754945751997E+01 -0.151512029377216E+02  0.264754945751997E+01 -0.151512029377216E+02  0.264754945751997E+01 -0.151512029377216E+02  0.264754945751997E+01 -0.151512029377216E+02  0.264754945751997E+01 -0.151512029377216E+02  0.264754945751997E+01 -0.151512029377216E+02  0.264754945751997E+01 -0.151512029377216E+02  0.264754945751997E+01 -0.151512029377216E+02  0.264754945751997E+01 -0.151512029377216E+02  0.264754945751997E+01 -0.151512029377216E+02  0.264754945751997E+01 -0.151512029377216E+02  0.264754945751997E+01 -0.151512029377216E+02  0.114588130195210E+02
    4FG_LNSRCH     0.247935256883756E+07  0.292226700931469E+01 -0.100324902029341E+01  0.292226700931469E+01 -0.100324902029341E+01  0.292226700931469E+01 -0.100324902029341E+01  0.292226700931469E+01 -0.100324902029341E+01  0.292226700931469E+01 -0.100324902029341E+01  0.292226700931469E+01 -0.100324902029341E+01  0.292226700931469E+01 -0.100324902029341E+01  0.292226700931469E+01 -0.100324902029341E+01  0.292226700931469E+01 -0.100324902029341E+01  0.292226700931469E+01 -0.100324902029341E+01  0.292226700931469E+01 -0.100324902029341E+01  0.292226700931469E+01 -0.100324902029341E+01  0.486559177644747E+01
    5FG_LNSRCH     0.459595811484246E+04  0.297679803347438E+01  0.180509872393067E+01  0.297679803347438E+01  0.180509872393067E+01  0.297679803347438E+01  0.180509872393067E+01  0.297679803347438E+01  0.180509872393067E+01  0.297679803347438E+01  0.180509872393067E+01  0.297679803347438E+01  0.180509872393067E+01  0.297679803347438E+01  0.180509872393067E+01  0.297679803347438E+01  0.180509872393067E+01  0.297679803347438E+01  0.180509872393067E+01  0.297679803347438E+01  0.180509872393067E+01  0.297679803347438E+01  0.180509872393067E+01  0.297679803347438E+01  0.180509872393067E+01  0.355684719661485E+01
    6NEW_X         0.239768962459921E+04  0.297679803347438E+01  0.180509872393067E+01  0.297679803347438E+01  0.180509872393067E+01  0.297679803347438E+01  0.180509872393067E+01  0.297679803347438E+01  0.180509872393067E+01  0.297679803347438E+01  0.180509872393067E+01  0.297679803347438E+01  0.180509872393067E+01  0.297679803347438E+01  0.180509872393067E+01  0.297679803347438E+01  0.180509872393067E+01  0.297679803347438E+01  0.180509872393067E+01  0.297679803347438E+01  0.180509872393067E+01  0.297679803347438E+01  0.180509872393067E+01  0.297679803347438E+01  0.180509872393067E+01  0.355684719661485E+01
    7FG_LNSRCH     0.239768962459921E+04  0.172499254111588E+01  0.160640753534230E+01  0.177389629245790E+01  0.160640753534230E+01  0.177389629245790E+01  0.160640753534230E+01  0.177389629245790E+01  0.160640753534230E+01  0.177389629245790E+01  0.160640753534230E+01  0.177389629245790E+01  0.160640753534230E+01  0.177389629245790E+01  0.160640753534230E+01  0.177389629245790E+01  0.160640753534230E+01  0.177389629245790E+01  0.160640753534230E+01  0.177389629245790E+01  0.160640753534230E+01  0.177389629245790E+01  0.160640753534230E+01  0.177389629245790E+01  0.165981694312001E+01  0.367786457131496E+01
    8NEW_X         0.143805565826995E+03  0.172499254111588E+01  0.160640753534230E+01  0.177389629245790E+01  0.160640753534230E+01  0.177389629245790E+01  0.160640753534230E+01  0.177389629245790E+01  0.160640753534230E+01  0.177389629245790E+01  0.160640753534230E+01  0.177389629245790E+01  0.160640753534230E+01  0.177389629245790E+01  0.160640753534230E+01  0.177389629245790E+01  0.160640753534230E+01  0.177389629245790E+01  0.160640753534230E+01  0.177389629245790E+01  0.160640753534230E+01  0.177389629245790E+01  0.160640753534230E+01  0.177389629245790E+01  0.165981694312001E+01  0.367786457131496E+01
    9FG_LNSRCH     0.143805565826995E+03  0.154909272496526E+01  0.150709145736942E+01  0.160300755216096E+01  0.151300011845146E+01  0.160300755216096E+01  0.151300011845146E+01  0.160300755216096E+01  0.151300011845146E+01  0.160300755216096E+01  0.151300011845146E+01  0.160300755216096E+01  0.151300011845146E+01  0.160300755216096E+01  0.151300011845146E+01  0.160300755216096E+01  0.151300011845146E+01  0.160300755216096E+01  0.151300011845146E+01  0.160300755216096E+01  0.151300011845146E+01  0.160300755216096E+01  0.151300011845146E+01  0.160955079057662E+01  0.176120575888954E+01  0.367917184039102E+01
   10NEW_X         0.728160820400545E+02  0.154909272496526E+01  0.150709145736942E+01  0.160300755216096E+01  0.151300011845146E+01  0.160300755216096E+01  0.151300011845146E+01  0.160300755216096E+01  0.151300011845146E+01  0.160300755216096E+01  0.151300011845146E+01  0.160300755216096E+01  0.151300011845146E+01  0.160300755216096E+01  0.151300011845146E+01  0.160300755216096E+01  0.151300011845146E+01  0.160300755216096E+01  0.151300011845146E+01  0.160300755216096E+01  0.151300011845146E+01  0.160300755216096E+01  0.151300011845146E+01  0.160955079057662E+01  0.176120575888954E+01  0.367917184039102E+01
   11FG_LNSRCH     0.728160820400545E+02  0.126343736032129E+01  0.131335291501083E+01  0.132157258474189E+01  0.132799261828219E+01  0.132543704326051E+01  0.132799261828219E+01  0.132543704326051E+01  0.132799261828219E+01  0.132543704326051E+01  0.132799261828219E+01  0.132543704326051E+01  0.132799261828219E+01  0.132543704326051E+01  0.132799261828219E+01  0.132543704326051E+01  0.132799261828219E+01  0.132543704326051E+01  0.132799261828219E+01  0.132543704326051E+01  0.132799261828219E+01  0.132543704326051E+01  0.133228048384865E+01  0.147111997594449E+01  0.198579124855235E+01  0.367957692817123E+01
   12NEW_X         0.160307626316175E+02  0.126343736032129E+01  0.131335291501083E+01  0.132157258474189E+01  0.132799261828219E+01  0.132543704326051E+01  0.132799261828219E+01  0.132543704326051E+01  0.132799261828219E+01  0.132543704326051E+01  0.132799261828219E+01  0.132543704326051E+01  0.132799261828219E+01  0.132543704326051E+01  0.132799261828219E+01  0.132543704326051E+01  0.132799261828219E+01  0.132543704326051E+01  0.132799261828219E+01  0.132543704326051E+01  0.132799261828219E+01  0.132543704326051E+01  0.133228048384865E+01  0.147111997594449E+01  0.198579124855235E+01  0.367957692817123E+01
   13FG_LNSRCH     0.160307626316175E+02  0.111118876006702E+01  0.119547463778920E+01  0.116095259549318E+01  0.121516413900605E+01  0.116654694524461E+01  0.121698772700030E+01  0.116654694524461E+01  0.121698772700030E+01  0.116654694524461E+01  0.121698772700030E+01  0.116654694524461E+01  0.121698772700030E+01  0.116654694524461E+01  0.121698772700030E+01  0.116654694524461E+01  0.121698772700030E+01  0.116654694524461E+01  0.121698772700030E+01  0.116654694524461E+01  0.121698772700030E+01  0.116857328756137E+01  0.128466333024801E+01  0.142811075962094E+01  0.186992647787107E+01  0.375392840491786E+01
   14NEW_X         0.518724770045380E+01  0.111118876006702E+01  0.119547463778920E+01  0.116095259549318E+01  0.121516413900605E+01  0.116654694524461E+01  0.121698772700030E+01  0.116654694524461E+01  0.121698772700030E+01  0.116654694524461E+01  0.121698772700030E+01  0.116654694524461E+01  0.121698772700030E+01  0.116654694524461E+01  0.121698772700030E+01  0.116654694524461E+01  0.121698772700030E+01  0.116654694524461E+01  0.121698772700030E+01  0.116654694524461E+01  0.121698772700030E+01  0.116857328756137E+01  0.128466333024801E+01  0.142811075962094E+01  0.186992647787107E+01  0.375392840491786E+01
   15FG_LNSRCH     0.518724770045380E+01  0.100000000000000E+01  0.106325296225157E+01  0.103970646685182E+01  0.107948836073759E+01  0.104962076721665E+01  0.108226794024141E+01  0.105063434238141E+01  0.108226794024141E+01  0.105063434238141E+01  0.108226794024141E+01  0.105063434238141E+01  0.108226794024141E+01  0.105063434238141E+01  0.108226794024141E+01  0.105063434238141E+01  0.108226794024141E+01  0.105063434238141E+01  0.108226794024141E+01  0.105063434238141E+01  0.108339505349157E+01  0.108693022922496E+01  0.121902004095376E+01  0.132584504842153E+01  0.206704944231176E+01  0.375264585203380E+01
   16NEW_X         0.212715996666503E+01  0.100000000000000E+01  0.106325296225157E+01  0.103970646685182E+01  0.107948836073759E+01  0.104962076721665E+01  0.108226794024141E+01  0.105063434238141E+01  0.108226794024141E+01  0.105063434238141E+01  0.108226794024141E+01  0.105063434238141E+01  0.108226794024141E+01  0.105063434238141E+01  0.108226794024141E+01  0.105063434238141E+01  0.108226794024141E+01  0.105063434238141E+01  0.108226794024141E+01  0.105063434238141E+01  0.108339505349157E+01  0.108693022922496E+01  0.121902004095376E+01  0.132584504842153E+01  0.206704944231176E+01  0.375264585203380E+01
   17FG_LNSRCH     0.212715996666503E+01  0.100000000000000E+01  0.102995257333229E+01  0.102197700788371E+01  0.104636184990136E+01  0.103148955412857E+01  0.104954811733637E+01  0.103267398460785E+01  0.104969394847941E+01  0.103267398460785E+01  0.104969394847941E+01  0.103267398460785E+01  0.104969394847941E+01  0.103267398460785E+01  0.104969394847941E+01  0.103267398460785E+01  0.104969394847941E+01  0.103267398460785E+01  0.104969394847941E+01  0.103283622964187E+01  0.105590372808839E+01  0.107982760648860E+01  0.117716812762169E+01  0.136326937193423E+01  0.194784975263647E+01  0.378071009791572E+01
   18NEW_X         0.207568325468255E+00  0.100000000000000E+01  0.102995257333229E+01  0.102197700788371E+01  0.104636184990136E+01  0.103148955412857E+01  0.104954811733637E+01  0.103267398460785E+01  0.104969394847941E+01  0.103267398460785E+01  0.104969394847941E+01  0.103267398460785E+01  0.104969394847941E+01  0.103267398460785E+01  0.104969394847941E+01  0.103267398460785E+01  0.104969394847941E+01  0.103267398460785E+01  0.104969394847941E+01  0.103283622964187E+01  0.105590372808839E+01  0.107982760648860E+01  0.117716812762169E+01  0.136326937193423E+01  0.194784975263647E+01  0.378071009791572E+01
   19FG_LNSRCH     0.207568325468255E+00  0.100000000000000E+01  0.100668212855452E+01  0.100779460771026E+01  0.102126450510958E+01  0.101699646901032E+01  0.102489939072020E+01  0.101834138689680E+01  0.102517735524793E+01  0.101836160350524E+01  0.102517735524793E+01  0.101836160350524E+01  0.102517735524793E+01  0.101836160350524E+01  0.102517735524793E+01  0.101836160350524E+01  0.102517735524793E+01  0.101836160350524E+01  0.102519984888074E+01  0.101934094714785E+01  0.103662909028960E+01  0.107182209975137E+01  0.116151397258975E+01  0.137471005451350E+01  0.193698457695753E+01  0.378643002190153E+01
   20NEW_X         0.532738884028798E-01  0.100000000000000E+01  0.100668212855452E+01  0.100779460771026E+01  0.102126450510958E+01  0.101699646901032E+01  0.102489939072020E+01  0.101834138689680E+01  0.102517735524793E+01  0.101836160350524E+01  0.102517735524793E+01  0.101836160350524E+01  0.102517735524793E+01  0.101836160350524E+01  0.102517735524793E+01  0.101836160350524E+01  0.102517735524793E+01  0.101836160350524E+01  0.102519984888074E+01  0.101934094714785E+01  0.103662909028960E+01  0.107182209975137E+01  0.116151397258975E+01  0.137471005451350E+01  0.193698457695753E+01  0.378643002190153E+01
   21FG_LNSRCH     0.532738884028798E-01  0.100000000000000E+01  0.997541290072462E+00  0.100084805807142E+01  0.100524415338233E+01  0.100854745286561E+01  0.100929637943057E+01  0.101012563816165E+01  0.100979173435474E+01  0.101022337694850E+01  0.100979950298699E+01  0.101022337694850E+01  0.100979950298699E+01  0.101022337694850E+01  0.100979950298699E+01  0.101022337694850E+01  0.100979950298699E+01  0.101023202065827E+01  0.101016707532084E+01  0.101428514471576E+01  0.102969133292729E+01  0.106975936748049E+01  0.116474359800871E+01  0.138832957924679E+01  0.194223677297179E+01  0.378545506358485E+01
   22NEW_X         0.130450081158977E-01  0.100000000000000E+01  0.997541290072462E+00  0.100084805807142E+01  0.100524415338233E+01  0.100854745286561E+01  0.100929637943057E+01  0.101012563816165E+01  0.100979173435474E+01  0.101022337694850E+01  0.100979950298699E+01  0.101022337694850E+01  0.100979950298699E+01  0.101022337694850E+01  0.100979950298699E+01  0.101022337694850E+01  0.100979950298699E+01  0.101023202065827E+01  0.101016707532084E+01  0.101428514471576E+01  0.102969133292729E+01  0.106975936748049E+01  0.116474359800871E+01  0.138832957924679E+01  0.194223677297179E+01  0.378545506358485E+01
   23FG_LNSRCH     0.130450081158977E-01  0.100000000000000E+01  0.997092437222984E+00  0.100000000000000E+01  0.999538304857311E+00  0.100266078562828E+01  0.100321049251384E+01  0.100453062234900E+01  0.100392379872237E+01  0.100475134882259E+01  0.100396854800081E+01  0.100475499984883E+01  0.100396854800081E+01  0.100475499984883E+01  0.100396854800081E+01  0.100475499984883E+01  0.100397261030310E+01  0.100492647262817E+01  0.100582467667313E+01  0.101364899131142E+01  0.103081672509040E+01  0.107637507296205E+01  0.117422715497770E+01  0.139308427555572E+01  0.194429973197929E+01  0.378462343398454E+01
   24NEW_X         0.386031051513310E-02  0.100000000000000E+01  0.997092437222984E+00  0.100000000000000E+01  0.999538304857311E+00  0.100266078562828E+01  0.100321049251384E+01  0.100453062234900E+01  0.100392379872237E+01  0.100475134882259E+01  0.100396854800081E+01  0.100475499984883E+01  0.100396854800081E+01  0.100475499984883E+01  0.100396854800081E+01  0.100475499984883E+01  0.100397261030310E+01  0.100492647262817E+01  0.100582467667313E+01  0.101364899131142E+01  0.103081672509040E+01  0.107637507296205E+01  0.117422715497770E+01  0.139308427555572E+01  0.194429973197929E+01  0.378462343398454E+01
   25FG_LNSRCH     0.386031051513310E-02  0.100000000000000E+01  0.100166406565287E+01  0.100000000000000E+01  0.100069768949184E+01  0.100000000000000E+01  0.999665017383049E+00  0.100132458661501E+01  0.100069417011989E+01  0.100174220495745E+01  0.100084939043754E+01  0.100178260569373E+01  0.100085325915185E+01  0.100178260569373E+01  0.100085325915185E+01  0.100178691021376E+01  0.100102707351567E+01  0.100342926745823E+01  0.100705451079130E+01  0.101671481284225E+01  0.104163684162155E+01  0.108638499517498E+01  0.117973772437305E+01  0.139663141617547E+01  0.194615258522396E+01  0.378335343841619E+01
   26NEW_X         0.745653248121718E-03  0.100000000000000E+01  0.100166406565287E+01  0.100000000000000E+01  0.100069768949184E+01  0.100000000000000E+01  0.999665017383049E+00  0.100132458661501E+01  0.100069417011989E+01  0.100174220495745E+01  0.100084939043754E+01  0.100178260569373E+01  0.100085325915185E+01  0.100178260569373E+01  0.100085325915185E+01  0.100178691021376E+01  0.100102707351567E+01  0.100342926745823E+01  0.100705451079130E+01  0.101671481284225E+01  0.104163684162155E+01  0.108638499517498E+01  0.117973772437305E+01  0.139663141617547E+01  0.194615258522396E+01  0.378335343841619E+01
   27FG_LNSRCH     0.745653248121718E-03  0.100089947741574E+01  0.100009059627690E+01  0.100102220666102E+01  0.999582075462076E+00  0.100000000000000E+01  0.999455046043642E+00  0.100000000000000E+01  0.100014564430800E+01  0.100000000000000E+01  0.100035700707041E+01  0.100002943312026E+01  0.100037677443018E+01  0.100003132209666E+01  0.100037887620141E+01  0.100011628153600E+01  0.100118269660036E+01  0.100309791044569E+01  0.100795088995390E+01  0.102072075942157E+01  0.104232839948454E+01  0.108749530505685E+01  0.118321002111114E+01  0.139381830779520E+01  0.194469618156175E+01  0.378383152081866E+01
   28NEW_X         0.354016210852779E-03  0.100089947741574E+01  0.100009059627690E+01  0.100102220666102E+01  0.999582075462076E+00  0.100000000000000E+01  0.999455046043642E+00  0.100000000000000E+01  0.100014564430800E+01  0.100000000000000E+01  0.100035700707041E+01  0.100002943312026E+01  0.100037677443018E+01  0.100003132209666E+01  0.100037887620141E+01  0.100011628153600E+01  0.100118269660036E+01  0.100309791044569E+01  0.100795088995390E+01  0.102072075942157E+01  0.104232839948454E+01  0.108749530505685E+01  0.118321002111114E+01  0.139381830779520E+01  0.194469618156175E+01  0.378383152081866E+01
   29FG_LNSRCH     0.354016210852779E-03  0.100049115121031E+01  0.100045120858649E+01  0.100052230715685E+01  0.100020531540168E+01  0.100000000000000E+01  0.100006797111653E+01  0.100000000000000E+01  0.100051446564071E+01  0.100052863950372E+01  0.100063684745858E+01  0.100058980845244E+01  0.100065175580377E+01  0.100059412218000E+01  0.100066621200525E+01  0.100076098303401E+01  0.100155092436845E+01  0.100353503542875E+01  0.100859857967712E+01  0.101986811021501E+01  0.104197864522250E+01  0.108690166574979E+01  0.118129913954096E+01  0.139470246320002E+01  0.194515389641230E+01  0.378369189514258E+01
   30NEW_X         0.742511371536275E-04  0.100049115121031E+01  0.100045120858649E+01  0.100052230715685E+01  0.100020531540168E+01  0.100000000000000E+01  0.100006797111653E+01  0.100000000000000E+01  0.100051446564071E+01  0.100052863950372E+01  0.100063684745858E+01  0.100058980845244E+01  0.100065175580377E+01  0.100059412218000E+01  0.100066621200525E+01  0.100076098303401E+01  0.100155092436845E+01  0.100353503542875E+01  0.100859857967712E+01  0.101986811021501E+01  0.104197864522250E+01  0.108690166574979E+01  0.118129913954096E+01  0.139470246320002E+01  0.194515389641230E+01  0.378369189514258E+01
   31FG_LNSRCH     0.742511371536275E-04  0.100032839944989E+01  0.100044648012907E+01  0.100038152188932E+01  0.100034160206469E+01  0.100016869238130E+01  0.100017355793603E+01  0.100016930582924E+01  0.100043278272949E+01  0.100055092219180E+01  0.100062767064916E+01  0.100060975933510E+01  0.100065042173348E+01  0.100061928108406E+01  0.100070200456673E+01  0.100092353347046E+01  0.100180986947586E+01  0.100400097098045E+01  0.100928151137030E+01  0.102015381100248E+01  0.104211752557239E+01  0.108667303741132E+01  0.118096024304765E+01  0.139465338888420E+01  0.194519676999299E+01  0.378368124490538E+01
   32NEW_X         0.374062450085824E-04  0.100032839944989E+01  0.100044648012907E+01  0.100038152188932E+01  0.100034160206469E+01  0.100016869238130E+01  0.100017355793603E+01  0.100016930582924E+01  0.100043278272949E+01  0.100055092219180E+01  0.100062767064916E+01  0.100060975933510E+01  0.100065042173348E+01  0.100061928108406E+01  0.100070200456673E+01  0.100092353347046E+01  0.100180986947586E+01  0.100400097098045E+01  0.100928151137030E+01  0.102015381100248E+01  0.104211752557239E+01  0.108667303741132E+01  0.118096024304765E+01  0.139465338888420E+01  0.194519676999299E+01  0.378368124490538E+01
   33FG_LNSRCH     0.374062450085824E-04  0.100011543396126E+01  0.100016106264227E+01  0.100023664200836E+01  0.100024781077723E+01  0.100022737625574E+01  0.100023885439862E+01  0.100013159848806E+01  0.100016660052715E+01  0.100019090556242E+01  0.100025400286435E+01  0.100033097153485E+01  0.100028485421974E+01  0.100038907290454E+01  0.100050656816311E+01  0.100107147980827E+01  0.100225572097798E+01  0.100505058128622E+01  0.101040734680516E+01  0.102109144763566E+01  0.104243887038196E+01  0.108674292773035E+01  0.118075385450883E+01  0.139489473135989E+01  0.194498473003725E+01  0.378369532359333E+01
   34NEW_X         0.109831848124736E-04  0.100011543396126E+01  0.100016106264227E+01  0.100023664200836E+01  0.100024781077723E+01  0.100022737625574E+01  0.100023885439862E+01  0.100013159848806E+01  0.100016660052715E+01  0.100019090556242E+01  0.100025400286435E+01  0.100033097153485E+01  0.100028485421974E+01  0.100038907290454E+01  0.100050656816311E+01  0.100107147980827E+01  0.100225572097798E+01  0.100505058128622E+01  0.101040734680516E+01  0.102109144763566E+01  0.104243887038196E+01  0.108674292773035E+01  0.118075385450883E+01  0.139489473135989E+01  0.194498473003725E+01  0.378369532359333E+01
   35FG_LNSRCH     0.109831848124736E-04  0.100001589710193E+01  0.999989594508564E+00  0.100011539855289E+01  0.100014669109548E+01  0.100022091089370E+01  0.100023179982204E+01  0.100014964395276E+01  0.100007574765218E+01  0.100006096168115E+01  0.100009096989983E+01  0.100015783906072E+01  0.100016415584675E+01  0.100027086539896E+01  0.100051110421125E+01  0.100117817146805E+01  0.100259216928442E+01  0.100543536994630E+01  0.101080007807806E+01  0.102129407446260E+01  0.104248823702794E+01  0.108659826248191E+01  0.118089473853912E+01  0.139456021438026E+01  0.194550173781358E+01  0.378358364906307E+01
   36FG_LNSRCH     0.136327200441104E-04  0.100006961383330E+01  0.100008213015555E+01  0.100018082961202E+01  0.100020126202345E+01  0.100022440003449E+01  0.100023560694232E+01  0.100013990541584E+01  0.100012477792611E+01  0.100013108807062E+01  0.100017895336665E+01  0.100025127289687E+01  0.100022929274300E+01  0.100033465805694E+01  0.100050865625698E+01  0.100112059352891E+01  0.100241059932712E+01  0.100522771230843E+01  0.101058813407630E+01  0.102118472350552E+01  0.104246159549154E+01  0.108667633350346E+01  0.118081870811520E+01  0.139474074206474E+01  0.194522272591762E+01  0.378364391609162E+01
   37NEW_X         0.390756589454489E-05  0.100006961383330E+01  0.100008213015555E+01  0.100018082961202E+01  0.100020126202345E+01  0.100022440003449E+01  0.100023560694232E+01  0.100013990541584E+01  0.100012477792611E+01  0.100013108807062E+01  0.100017895336665E+01  0.100025127289687E+01  0.100022929274300E+01  0.100033465805694E+01  0.100050865625698E+01  0.100112059352891E+01  0.100241059932712E+01  0.100522771230843E+01  0.101058813407630E+01  0.102118472350552E+01  0.104246159549154E+01  0.108667633350346E+01  0.118081870811520E+01  0.139474074206474E+01  0.194522272591762E+01  0.378364391609162E+01
   38FG_LNSRCH     0.390756589454489E-05  0.100007789534580E+01  0.100009336239268E+01  0.100016773005462E+01  0.100017148790984E+01  0.100019203764074E+01  0.100018223522859E+01  0.100013821723297E+01  0.100011713949765E+01  0.100012764403581E+01  0.100016888356387E+01  0.100021709142319E+01  0.100022987092955E+01  0.100031528063558E+01  0.100052549009789E+01  0.100111220259508E+01  0.100241562010165E+01  0.100514859188979E+01  0.101048847550472E+01  0.102110041637485E+01  0.104246709748377E+01  0.108669017531705E+01  0.118093258800774E+01  0.139468798665291E+01  0.194518848187731E+01  0.378365619461572E+01
   39NEW_X         0.199501682233595E-05  0.100007789534580E+01  0.100009336239268E+01  0.100016773005462E+01  0.100017148790984E+01  0.100019203764074E+01  0.100018223522859E+01  0.100013821723297E+01  0.100011713949765E+01  0.100012764403581E+01  0.100016888356387E+01  0.100021709142319E+01  0.100022987092955E+01  0.100031528063558E+01  0.100052549009789E+01  0.100111220259508E+01  0.100241562010165E+01  0.100514859188979E+01  0.101048847550472E+01  0.102110041637485E+01  0.104246709748377E+01  0.108669017531705E+01  0.118093258800774E+01  0.139468798665291E+01  0.194518848187731E+01  0.378365619461572E+01
   40FG_LNSRCH     0.199501682233595E-05  0.100005283269451E+01  0.100007891319813E+01  0.100011071863265E+01  0.100012290353802E+01  0.100013432456481E+01  0.100012247797316E+01  0.100011200400487E+01  0.100009343072648E+01  0.100009386935193E+01  0.100011753653502E+01  0.100014242330588E+01  0.100019308615082E+01  0.100028538923566E+01  0.100055472089337E+01  0.100116550394415E+01  0.100250084890977E+01  0.100516505844550E+01  0.101046328760179E+01  0.102104847148959E+01  0.104248390050850E+01  0.108672494286579E+01  0.118099644124849E+01  0.139467084437609E+01  0.194516243638501E+01  0.378366259398736E+01
   41NEW_X         0.825796437278296E-06  0.100005283269451E+01  0.100007891319813E+01  0.100011071863265E+01  0.100012290353802E+01  0.100013432456481E+01  0.100012247797316E+01  0.100011200400487E+01  0.100009343072648E+01  0.100009386935193E+01  0.100011753653502E+01  0.100014242330588E+01  0.100019308615082E+01  0.100028538923566E+01  0.100055472089337E+01  0.100116550394415E+01  0.100250084890977E+01  0.100516505844550E+01  0.101046328760179E+01  0.102104847148959E+01  0.104248390050850E+01  0.108672494286579E+01  0.118099644124849E+01  0.139467084437609E+01  0.194516243638501E+01  0.378366259398736E+01
   42FG_LNSRCH     0.825796437278296E-06  0.100002755536558E+01  0.100004367387717E+01  0.100004969327504E+01  0.100005441209960E+01  0.100005821121662E+01  0.100005343605154E+01  0.100006490549119E+01  0.100005873126458E+01  0.100005617802217E+01  0.100005435135089E+01  0.100007407902008E+01  0.100014054073225E+01  0.100027941254186E+01  0.100059763884104E+01  0.100125532290185E+01  0.100258049872576E+01  0.100518853253449E+01  0.101042947046667E+01  0.102100086754854E+01  0.104248588107850E+01  0.108676086059844E+01  0.118101046636369E+01  0.139469219256425E+01  0.194516504839932E+01  0.378365999833849E+01
   43NEW_X         0.199223627515923E-06  0.100002755536558E+01  0.100004367387717E+01  0.100004969327504E+01  0.100005441209960E+01  0.100005821121662E+01  0.100005343605154E+01  0.100006490549119E+01  0.100005873126458E+01  0.100005617802217E+01  0.100005435135089E+01  0.100007407902008E+01  0.100014054073225E+01  0.100027941254186E+01  0.100059763884104E+01  0.100125532290185E+01  0.100258049872576E+01  0.100518853253449E+01  0.101042947046667E+01  0.102100086754854E+01  0.104248588107850E+01  0.108676086059844E+01  0.118101046636369E+01  0.139469219256425E+01  0.194516504839932E+01  0.378365999833849E+01
   44FG_LNSRCH     0.199223627515923E-06  0.100000016083657E+01  0.100000535865229E+01  0.100000195862029E+01  0.100001309719051E+01  0.100000921973329E+01  0.100002409681912E+01  0.100001231482875E+01  0.100002297048782E+01  0.100001507074098E+01  0.100003260520760E+01  0.100005166144261E+01  0.100013692711907E+01  0.100030033910059E+01  0.100065430492914E+01  0.100130768734484E+01  0.100261852901329E+01  0.100522421419131E+01  0.101046982270419E+01  0.102102258428268E+01  0.104246834347686E+01  0.108671631192065E+01  0.118097858265686E+01  0.139468015972599E+01  0.194515132386145E+01  0.378366608057363E+01
   45NEW_X         0.575771555492709E-07  0.100000016083657E+01  0.100000535865229E+01  0.100000195862029E+01  0.100001309719051E+01  0.100000921973329E+01  0.100002409681912E+01  0.100001231482875E+01  0.100002297048782E+01  0.100001507074098E+01  0.100003260520760E+01  0.100005166144261E+01  0.100013692711907E+01  0.100030033910059E+01  0.100065430492914E+01  0.100130768734484E+01  0.100261852901329E+01  0.100522421419131E+01  0.101046982270419E+01  0.102102258428268E+01  0.104246834347686E+01  0.108671631192065E+01  0.118097858265686E+01  0.139468015972599E+01  0.194515132386145E+01  0.378366608057363E+01
   46FG_LNSRCH     0.575771555492709E-07  0.100000005652235E+01  0.100000135007774E+01  0.100000068386244E+01  0.999997073524229E+00  0.100000650236371E+01  0.999994020673115E+00  0.100001256848946E+01  0.100000308338600E+01  0.100002064810717E+01  0.100002886295109E+01  0.100007041057123E+01  0.100015145186572E+01  0.100032568775284E+01  0.100065533601978E+01  0.100131003619789E+01  0.100260759544932E+01  0.100521135425972E+01  0.101044726601478E+01  0.102100780329573E+01  0.104245717277968E+01  0.108672574546756E+01  0.118096315144280E+01  0.139469220107940E+01  0.194516487889459E+01  0.378366232521471E+01
   47NEW_X         0.146325871356576E-07  0.100000005652235E+01  0.100000135007774E+01  0.100000068386244E+01  0.999997073524229E+00  0.100000650236371E+01  0.999994020673115E+00  0.100001256848946E+01  0.100000308338600E+01  0.100002064810717E+01  0.100002886295109E+01  0.100007041057123E+01  0.100015145186572E+01  0.100032568775284E+01  0.100065533601978E+01  0.100131003619789E+01  0.100260759544932E+01  0.100521135425972E+01  0.101044726601478E+01  0.102100780329573E+01  0.104245717277968E+01  0.108672574546756E+01  0.118096315144280E+01  0.139469220107940E+01  0.194516487889459E+01  0.378366232521471E+01
   48FG_LNSRCH     0.146325871356576E-07  0.100000222200795E+01  0.100000353276408E+01  0.100000426269135E+01  0.100000494040117E+01  0.100000684155196E+01  0.100000651869383E+01  0.100001012500379E+01  0.100001200203216E+01  0.100001974958201E+01  0.100003516706409E+01  0.100007302314454E+01  0.100015456350408E+01  0.100032189091615E+01  0.100065062008940E+01  0.100130313378319E+01  0.100260383201993E+01  0.100521166790668E+01  0.101045011798631E+01  0.102100988538679E+01  0.104246015852638E+01  0.108672347231684E+01  0.118096807901363E+01  0.139469029747735E+01  0.194516535649647E+01  0.378366213998110E+01
   49NEW_X         0.236329380426706E-08  0.100000222200795E+01  0.100000353276408E+01  0.100000426269135E+01  0.100000494040117E+01  0.100000684155196E+01  0.100000651869383E+01  0.100001012500379E+01  0.100001200203216E+01  0.100001974958201E+01  0.100003516706409E+01  0.100007302314454E+01  0.100015456350408E+01  0.100032189091615E+01  0.100065062008940E+01  0.100130313378319E+01  0.100260383201993E+01  0.100521166790668E+01  0.101045011798631E+01  0.102100988538679E+01  0.104246015852638E+01  0.108672347231684E+01  0.118096807901363E+01  0.139469029747735E+01  0.194516535649647E+01  0.378366213998110E+01
   50FG_LNSRCH     0.236329380426706E-08  0.100000232587718E+01  0.100000304463887E+01  0.100000451439268E+01  0.100000507725872E+01  0.100000581930634E+01  0.100000702536633E+01  0.100000834381078E+01  0.100001206815564E+01  0.100001969045908E+01  0.100003746053682E+01  0.100007701085512E+01  0.100015838147544E+01  0.100032316051317E+01  0.100064928252851E+01  0.100130061276135E+01  0.100260194437886E+01  0.100521129319692E+01  0.101044982025607E+01  0.102100956297512E+01  0.104246000042750E+01  0.108672347439801E+01  0.118096869917643E+01  0.139469185128978E+01  0.194516267182430E+01  0.378366265706446E+01
   51NEW_X         0.108349008343006E-08  0.100000232587718E+01  0.100000304463887E+01  0.100000451439268E+01  0.100000507725872E+01  0.100000581930634E+01  0.100000702536633E+01  0.100000834381078E+01  0.100001206815564E+01  0.100001969045908E+01  0.100003746053682E+01  0.100007701085512E+01  0.100015838147544E+01  0.100032316051317E+01  0.100064928252851E+01  0.100130061276135E+01  0.100260194437886E+01  0.100521129319692E+01  0.101044982025607E+01  0.102100956297512E+01  0.104246000042750E+01  0.108672347439801E+01  0.118096869917643E+01  0.139469185128978E+01  0.194516267182430E+01  0.378366265706446E+01

           * * *

Tit   = total number of iterations
Tnf   = total number of function evaluations
Tnint = total number of segments explored during Cauchy searches
Skip  = number of BFGS updates skipped
Nact  = number of active bounds at final generalized Cauchy point
Projg = norm of the final projected gradient
F     = final function value

           * * *

   N    Tit     Tnf  Tnint  Skip  Nact     Projg        F
   25     23     28     47     0     0   1.721D-04   1.083D-09

CONVERGENCE: REL_REDUCTION_OF_F_<=_FACTR*EPSMCH             

 Total User time 3.552E-03 seconds.

   52CONVERGENCE:  0.108349008343006E-08  0.100000232587718E+01  0.100000304463887E+01  0.100000451439268E+01  0.100000507725872E+01  0.100000581930634E+01  0.100000702536633E+01  0.100000834381078E+01  0.100001206815564E+01  0.100001969045908E+01  0.100003746053682E+01  0.100007701085512E+01  0.100015838147544E+01  0.100032316051317E+01  0.100064928252851E+01  0.100130061276135E+01  0.100260194437886E+01  0.100521129319692E+01  0.101044982025607E+01  0.102100956297512E+01  0.104246000042750E+01  0.108672347439801E+01  0.118096869917643E+01  0.139469185128978E+01  0.194516267182430E+01  0.378366265706446E+01
